1756910346118 0.26323404908180237 0
1756910347276 0.2152341902256012 1
1756910348682 0.21279820799827576 2
1756910349852 0.20678186416625977 3
1756910351002 0.20406916737556458 4
1756910352125 0.20972315967082977 5
1756910353402 0.21169999241828918 6
1756910354618 0.20139329135417938 7
1756910355655 0.20278629660606384 8
1756910356719 0.2018170803785324 9
1756910357776 0.20359058678150177 10
1756910359237 0.2033778727054596 11
1756910360409 0.1919104903936386 12
1756910361525 0.19758085906505585 13
1756910362639 0.19567495584487915 14
1756910363819 0.1919758915901184 15
1756910365279 0.19291411340236664 16
1756910366495 0.20814161002635956 17
1756910367661 0.22919465601444244 18
1756910368760 0.2023843228816986 19
1756910346118 0.26323404908180237 0
