1756910346118 0.5733717083930969 0
1756910347276 0.5068713426589966 1
1756910348682 0.5014622211456299 2
1756910349852 0.49141085147857666 3
1756910351002 0.4848911166191101 4
1756910352125 0.4950978457927704 5
1756910353402 0.49838268756866455 6
1756910354618 0.4846210777759552 7
1756910355655 0.48506996035575867 8
1756910356719 0.48337823152542114 9
1756910357776 0.4862271249294281 10
1756910359237 0.48621097207069397 11
1756910360409 0.4677770733833313 12
1756910361525 0.47898900508880615 13
1756910362639 0.47451052069664 14
1756910363819 0.46706026792526245 15
1756910365279 0.4705750644207001 16
1756910366495 0.48578396439552307 17
1756910367661 0.521360456943512 18
1756910368760 0.4852731227874756 19
1756910346118 0.5733717083930969 0
