1756910346118 0.6347336173057556 0
1756910347276 0.4977354109287262 1
1756910348682 0.4928954839706421 2
1756910349852 0.4813092052936554 3
1756910351002 0.47399577498435974 4
1756910352125 0.4865270256996155 5
1756910353402 0.4962600767612457 6
1756910354618 0.4672105610370636 7
1756910355655 0.4717341661453247 8
1756910356719 0.47007718682289124 9
1756910357776 0.47173064947128296 10
1756910359237 0.4725175201892853 11
1756910360409 0.4442954361438751 12
1756910361525 0.45970800518989563 13
1756910362639 0.4518616795539856 14
1756910363819 0.4441385865211487 15
1756910365279 0.44496020674705505 16
1756910366495 1.3975902795791626 17
1756910367661 0.8567034006118774 18
1756910368760 0.4688367545604706 19
1756910346118 0.6347336173057556 0
