1756910226626 0.2526300251483917 0
1756910227818 0.19999387860298157 1
1756910229412 0.19569404423236847 2
1756910230380 0.1896820217370987 3
1756910231435 0.1985209435224533 4
1756910232626 0.18833975493907928 5
1756910233941 0.1954677700996399 6
1756910235023 0.19065281748771667 7
1756910235856 0.1941317617893219 8
1756910236675 0.18736135959625244 9
1756910238181 0.18878324329853058 10
1756910239071 0.1933203637599945 11
1756910239944 0.18910157680511475 12
1756910240829 0.18847282230854034 13
1756910242112 0.1834574043750763 14
1756910243343 0.1838923990726471 15
1756910244652 0.18043741583824158 16
1756910245865 0.17927688360214233 17
1756910246996 0.1790684312582016 18
1756910248109 0.1780729740858078 19
1756910226626 0.2526300251483917 0
