1756910226626 0.5538280010223389 0
1756910227818 0.4811042845249176 1
1756910229412 0.475160151720047 2
1756910230380 0.46373653411865234 3
1756910231435 0.4804408848285675 4
1756910232626 0.4626505970954895 5
1756910233941 0.47261491417884827 6
1756910235023 0.4640360474586487 7
1756910235856 0.4699171185493469 8
1756910236675 0.46249905228614807 9
1756910238181 0.46472108364105225 10
1756910239071 0.47068917751312256 11
1756910239944 0.46401411294937134 12
1756910240829 0.4654310643672943 13
1756910242112 0.45523008704185486 14
1756910243343 0.45533105731010437 15
1756910244652 0.4499335289001465 16
1756910245865 0.4487110376358032 17
1756910246996 0.4489407241344452 18
1756910248109 0.4466761648654938 19
1756910226626 0.5538280010223389 0
