1756910226626 0.6170036196708679 0
1756910227818 0.46284595131874084 1
1756910229412 0.4530792832374573 2
1756910230380 0.4380238950252533 3
1756910231435 0.45890676975250244 4
1756910232626 0.43472856283187866 5
1756910233941 0.451551616191864 6
1756910235023 0.4438931941986084 7
1756910235856 0.4520781338214874 8
1756910236675 0.4314403235912323 9
1756910238181 0.4363122880458832 10
1756910239071 0.44997769594192505 11
1756910239944 0.43707039952278137 12
1756910240829 0.4358665943145752 13
1756910242112 0.42361027002334595 14
1756910243343 0.42377907037734985 15
1756910244652 0.41629672050476074 16
1756910245865 0.41424253582954407 17
1756910246996 0.41133561730384827 18
1756910248109 0.4102133810520172 19
1756910226626 0.6170036196708679 0
