1756910506691 0.27110862731933594 0
1756910508981 0.21601969003677368 1
1756910511349 0.21094878017902374 2
1756910513534 0.21314667165279388 3
1756910516343 0.21125341951847076 4
1756910518747 0.22083106637001038 5
1756910521098 0.20656195282936096 6
1756910523644 0.20953184366226196 7
1756910526068 0.19867485761642456 8
1756910531894 0.19785845279693604 9
1756910540239 0.19802314043045044 10
1756910549250 0.19979724287986755 11
1756910555504 0.19695474207401276 12
1756910562175 0.1919521689414978 13
1756910564589 0.19269412755966187 14
1756910566884 0.19214415550231934 15
1756910568964 0.19568000733852386 16
1756910571877 0.1941520869731903 17
1756910574183 0.1954607367515564 18
1756910576546 0.19385553896427155 19
1756910506691 0.27110862731933594 0
