1756910506691 0.5783276557922363 0
1756910508981 0.5033805966377258 1
1756910511349 0.4987548887729645 2
1756910513534 0.5015902519226074 3
1756910516343 0.5002996921539307 4
1756910518747 0.5143433213233948 5
1756910521098 0.4924081265926361 6
1756910523644 0.498049795627594 7
1756910526068 0.4807509183883667 8
1756910531894 0.47804170846939087 9
1756910540239 0.47841355204582214 10
1756910549250 0.48034384846687317 11
1756910555504 0.4758126437664032 12
1756910562175 0.46732914447784424 13
1756910564589 0.4697589576244354 14
1756910566884 0.47067034244537354 15
1756910568964 0.47377321124076843 16
1756910571877 0.47270667552948 17
1756910574183 0.47394701838493347 18
1756910576546 0.47141143679618835 19
1756910506691 0.5783276557922363 0
