1756910506691 0.6845589280128479 0
1756910508981 0.5043694376945496 1
1756910511349 0.4887286424636841 2
1756910513534 0.49424225091934204 3
1756910516343 0.49025458097457886 4
1756910518747 0.5265786051750183 5
1756910521098 0.4805319905281067 6
1756910523644 0.4850425720214844 7
1756910526068 0.456697016954422 8
1756910531894 0.45889490842819214 9
1756910540239 0.4566406309604645 10
1756910549250 0.46300235390663147 11
1756910555504 0.45465004444122314 12
1756910562175 0.4436936378479004 13
1756910564589 0.4437611699104309 14
1756910566884 0.44268661737442017 15
1756910568964 0.4538987874984741 16
1756910571877 0.44783443212509155 17
1756910574183 0.450297087430954 18
1756910576546 0.4482966661453247 19
1756910506691 0.6845589280128479 0
